#START_TIME 2010  4 27 23  6 55.800
#SAMP_FREQ   20.00
#NDAT   1338
#STATION_CODE CHUM 
#STATION_CHANNEL BH Z
          -2
          -2
           0
           3
           1
          -2
          -2
           0
           1
           0
           0
           0
          -1
          -1
           0
           1
          -1
          -1
           2
           3
          -2
          -5
           0
           5
           0
          -3
           0
           2
           0
          -1
           0
           0
          -1
           0
           3
           2
          -2
          -4
          -1
           3
           3
           0
          -2
           0
           0
           0
           0
           0
          -1
          -1
           2
           3
          -1
          -4
           0
           3
           1
           0
           0
          -1
          -1
           1
           1
           0
           0
           1
           0
          -2
           0
           3
           2
           0
          -2
          -1
           0
           2
           1
          -1
          -2
           0
           1
           1
           0
           0
           0
           1
           0
          -2
          -2
           0
           2
           3
           0
          -2
          -2
           0
           0
           0
           1
           1
           1
           0
          -3
          -3
           1
           6
           3
          -4
          -5
           0
           4
           0
          -1
           0
           0
          -1
           0
           0
           0
           0
           1
           0
          -2
           0
           2
           0
          -2
          -1
           0
           1
           1
           0
           0
          -1
           0
           1
           1
          -1
          -1
           0
           1
           0
           0
           0
           0
           0
           1
           1
           0
          -1
           0
           1
           1
           0
          -1
          -2
           0
           3
           2
          -2
          -3
           0
           3
           0
          -2
          -1
           2
           2
           0
          -3
          -2
           2
           4
           0
          -4
          -1
           1
           1
           0
           0
           1
           0
          -2
          -3
           1
           4
           1
          -2
          -1
           0
          -1
           0
           3
           2
          -3
          -3
           1
           3
           1
          -1
          -1
           0
           0
           0
           0
           1
           1
          -2
          -3
           1
           4
           0
          -3
          -2
           1
           3
           1
          -1
          -2
           0
           0
           0
           1
           1
          -1
          -3
           0
           2
           0
          -2
           0
           2
           0
          -2
          -1
           2
           1
          -2
          -2
           2
           4
          -1
          -5
          -2
           4
           4
          -1
          -3
           0
           2
           0
          -2
           0
           2
           2
           0
          -1
          -2
          -1
           0
           1
           3
           0
          -3
          -4
           1
           4
           1
          -3
          -2
           1
           2
           0
          -1
          -2
           1
           3
           0
          -4
           0
           3
           0
          -3
           0
           2
           0
          -1
           0
           0
          -1
           1
           1
          -2
          -3
           2
           4
           0
          -3
          -1
           0
           1
           2
           0
          -3
          -1
           1
           2
           0
          -1
          -2
           0
           2
           1
          -1
          -2
           0
           3
           1
          -1
          -1
           0
           0
          -1
           0
           2
           2
          -1
          -1
           0
           0
           0
           0
           1
           0
           0
           1
           8
           1
         -53
         -74
         107
         276
         -39
        -504
        -206
         569
         463
        -461
        -552
         330
         482
        -282
        -362
         317
         280
        -379
        -263
         405
         273
        -377
        -252
         333
         192
        -334
        -157
         381
         219
        -373
        -328
         237
         351
         -53
        -257
         -57
         132
          91
         -24
        -102
         -89
          94
         217
         -41
        -317
         -46
         342
         118
        -288
        -130
         194
          78
        -109
          19
          82
        -111
        -132
         116
         197
         -19
        -197
         -93
         141
         164
         -71
        -199
          -4
         197
          75
        -164
        -121
         134
         158
        -117
        -200
          72
         191
         -11
         -78
          29
         -61
        -157
          93
         275
         -13
        -268
         -60
         166
          51
         -75
          12
          38
         -75
         -31
         133
          54
        -172
        -110
         141
         137
         -51
         -92
         -17
          24
          54
          27
         -91
        -102
          83
         181
          14
        -160
        -114
          33
         115
          89
         -60
        -154
          24
         194
           2
        -203
         -22
         145
         -20
         -78
         124
          86
        -187
        -140
         155
         142
        -104
         -83
          97
          21
        -104
          43
         109
        -116
        -136
         140
         145
        -109
         -77
         102
         -14
        -143
          44
         167
         -30
        -146
          38
         127
         -66
        -137
          78
         153
         -67
        -160
          39
         157
           0
        -141
         -31
         122
          60
        -113
        -112
          82
         171
         -10
        -185
         -59
         153
          91
        -114
        -108
          61
         110
          11
         -55
         -45
         -24
          16
          58
           6
         -68
           7
         121
          13
        -182
        -103
         147
         165
         -30
        -114
         -46
          19
          37
           7
         -28
          15
          62
          -9
         -72
         -11
          27
          -8
          26
          54
         -62
        -103
          71
         153
         -24
        -173
         -58
         128
          96
         -66
         -60
          64
          14
        -116
          -4
         159
          -8
        -195
          45
         271
         -54
        -382
         -34
         434
         204
        -313
        -291
          79
         165
          21
          10
          92
          38
        -144
        -242
         -90
         236
         411
          95
        -478
        -469
         289
         661
         -56
        -742
        -204
         742
         554
        -504
        -778
          91
         648
         122
        -412
         -82
         420
         193
        -497
        -582
         352
         944
        -136
       -1198
          33
        1495
         114
       -1691
        -345
        1545
         351
       -1273
         -59
        1275
        -121
       -1455
         -60
        1400
         306
       -1101
        -335
         899
         331
        -841
        -510
         638
         700
        -199
        -606
        -195
         261
         314
          42
        -293
        -223
         328
         490
        -256
        -867
        -195
         982
         834
        -591
       -1099
          69
         868
          67
        -665
          27
         762
         136
        -741
        -444
         333
         386
          21
           0
          86
        -191
        -390
          17
         431
         174
        -195
        -109
          -5
         -87
          11
         149
          41
         -33
          21
         -69
        -151
          41
         191
          25
        -134
         -38
          93
          49
         -88
        -121
          30
         190
         112
        -149
        -241
           4
         256
         138
        -151
        -197
           4
         159
          84
         -89
         -82
          53
          38
         -33
          24
           6
        -120
         -19
         201
          85
        -190
        -132
         109
         111
         -40
         -63
         -15
           1
          70
         100
         -46
        -160
         -66
          66
         114
          98
         -22
        -167
        -107
         126
         182
         -58
        -214
           0
         239
          62
        -274
        -157
         285
         277
        -213
        -348
          67
         305
          63
        -180
        -112
          58
          95
          20
         -63
         -93
          12
         181
         101
        -216
        -237
         140
         283
         -26
        -209
         -25
          94
          -3
          -4
         100
           3
        -205
        -121
         198
         251
         -59
        -255
         -76
         154
         116
         -60
        -107
         -11
          82
          87
          -3
        -114
        -106
          47
         161
          60
        -143
        -154
          95
         236
         -15
        -289
         -96
         256
         168
        -163
        -152
          98
         105
         -71
         -63
          59
          17
         -91
          -9
         136
          66
        -108
         -94
          42
          37
         -50
           0
         112
          53
        -111
        -115
          40
         100
           6
         -52
          -3
          38
           3
         -41
         -17
          17
          -2
          -1
          64
          53
         -89
        -152
          11
         193
         126
        -111
        -205
         -31
         168
         122
         -72
        -125
          -7
          73
          47
           1
         -30
         -58
         -34
          49
          82
           7
         -63
         -33
          23
          20
         -13
         -27
           0
          47
          46
         -21
         -57
         -26
          -6
           6
          59
          70
         -20
         -91
         -49
          20
          47
          52
          22
         -50
         -74
           1
          56
          16
         -10
          12
          -5
         -46
         -14
          51
          42
         -23
         -45
          -8
          15
           7
          11
          24
          -3
         -38
         -13
          19
           0
          -9
          25
          25
         -20
         -28
          -4
         -13
          -4
          60
          61
         -55
        -107
           4
          98
          42
         -45
         -54
         -14
          30
          52
          15
         -50
         -54
          18
          69
          19
         -63
         -52
          37
          65
           1
         -37
         -17
         -14
         -15
          29
          55
           1
         -49
         -23
          27
          22
         -30
         -42
          27
          81
          15
         -80
         -62
          26
          55
          24
           0
         -28
         -48
          -3
          65
          40
         -53
         -68
          16
          63
          17
         -25
          -8
           1
         -26
         -25
          31
          60
          10
         -49
         -43
          -2
          16
          27
          37
           6
         -45
         -44
           7
          35
          15
          -5
          -1
           2
          -4
         -12
         -17
         -12
          23
          60
          23
         -61
         -71
           4
          53
          38
           7
         -21
         -36
          -7
          27
           3
         -37
          -3
          64
          38
         -55
         -64
          16
          44
           0
          -9
          16
           1
         -30
          -6
          26
           0
         -27
           5
          33
           7
         -17
          -8
         -11
         -25
           5
          54
          34
         -39
         -60
           0
          52
          29
         -34
         -43
          18
          59
           6
         -65
         -40
          48
          62
         -20
         -66
          -5
          56
          27
         -27
         -29
          -8
           1
          19
          31
           2
         -30
         -21
           0
          10
          17
          15
          -7
         -20
          -8
           1
           2
          16
          23
          -9
         -46
         -18
          41
          41
         -15
         -38
          -6
          20
          11
           0
          -6
         -13
          -3
          14
           4
          -9
          10
          19
         -24
         -47
          11
          67
          24
         -48
         -40
          15
          19
         -15
          -3
          38
          23
         -35
         -44
           6
          32
           5
         -11
           5
           7
         -17
         -12
          26
          27
         -26
         -44
           6
          40
          12
         -17
          -7
           9
          -2
         -21
          -8
          26
          26
         -16
         -28
          12
          24
         -18
         -34
           6
          37
          21
          -8
         -28
         -25
           3
          29
          18
         -16
         -20
          15
          23
         -19
         -33
          10
          33
           1
         -17
           0
           0
         -17
           0
          32
           8
         -36
         -12
          36
           9
         -38
          -4
          40
           0
         -42
           0
          41
           3
         -34
          -4
          23
          -4
         -22
          13
          33
          -3
         -33
         -14
          10
          10
          10
          13
          -4
         -24
         -12
          12
          15
           0
          -4
           0
          -5
          -9
           5
          19
          -1
         -20
          -1
          14
          -4
          -7
          19
          11
         -26
         -24
          15
          28
           2
         -15
         -10
           0
           4
           9
           9
          -8
         -28
         -13
          28
          41
           0
         -43
         -30
          13
          23
           9
          13
           5
         -37
         -44
          18
          63
          26
         -36
         -49
         -12
          29
          37
           1
         -31
         -12
          21
          11
         -18
         -13
           7
           7
           3
          16
           8
         -32
         -35
          20
          44
          -4
         -34
           8
          36
         -13
         -56
          -7
          59
          35
         -35
         -38
          11
          22
          -5
         -10
           3
           3
           3
          10
          -2
         -22
         -11
          17
          19
          -2
         -12
          -1
           4
          -6
         -12
           5
          28
          17
         -24
         -42
           0
          44
          21
         -30
         -23
          21
          15
         -25
         -12
          36
          22
         -36
         -34
          20
          30
          -3
         -11
           3
          -2
         -14
           3
          21
           4
         -19
         -12
           7
          10
           6
           1
          -9
         -13
           2
          17
           6
         -13
         -10
           8
           7
          -7
          -3
          11
           1
         -13
